-3.391365 -5.583658 1.524083 1.435760 -13.902740 -3.233436 -15.235521 6.475756 -0.554176 -3.029598
-1.675047 0.326560 5.570807 0.918681 -13.375946 -2.098148 -2.113795 -5.399624 -0.157941 -10.987017
-6.531821 2.327902 -2.901061 -3.405674 -3.701310 -4.216765 -7.335156 0.061079 -1.255250 -3.056887
3.417934 -4.774217 -3.214276 -2.326166 -9.480959 -0.032682 -1.784499 -5.626791 -2.621785 -5.333676
-3.650970 -3.238202 -5.208423 -5.421683 4.107841 -3.970659 -5.299376 -0.522820 -3.003663 1.361806
-6.123037 2.505019 -4.381401 -4.866799 1.414970 -4.650081 -6.647271 -0.948709 -0.687211 -1.474117
-8.345713 -3.198483 -6.151842 -6.202309 4.855123 -5.255445 -7.111394 -3.550438 -1.197675 0.259843
-7.841710 -3.189325 -6.895250 -5.737784 3.495386 -2.409911 -7.484900 -1.752084 -2.189287 0.944749
-2.955783 -9.040679 -0.574192 -4.003520 -7.326745 1.970477 -2.311383 -4.958975 -2.226121 -1.792184
-8.667487 -4.070533 -6.035619 -6.487669 -3.173646 -7.246149 -20.262341 3.742594 0.223380 3.987415
6.137648 -5.319706 -0.198460 -1.021750 -13.531717 -1.492369 -2.407496 -6.177124 -2.334907 -7.132337
-0.335881 -5.870295 -0.537151 -1.256753 -3.787536 -0.637058 6.429905 -11.786413 -1.034079 -8.648364
-11.116539 -5.716011 -6.764520 -3.429896 -2.562927 -4.545846 -17.734554 1.436164 -0.101741 3.069544
5.102066 -5.770752 -3.280796 -3.398731 -9.693195 -2.458806 -5.443439 -2.211389 -1.657260 -3.236285
-5.529209 4.911252 -0.743074 -0.280057 -7.544427 -6.998543 -7.110795 -9.477248 1.385435 -5.097568
-5.041520 -12.466705 -0.952016 0.404033 -6.704941 4.104826 -7.126990 -1.320012 -0.088960 -0.046289
-2.394482 -7.755720 -6.652942 -4.138492 -0.558983 -3.206038 -10.551693 -0.660537 -1.832501 3.272380
-3.374321 -6.212289 0.798904 0.982979 -8.596289 -3.990031 -16.515768 7.527300 -2.261577 0.493380
-7.261438 -1.482190 -2.906633 -0.090594 -3.581808 -1.135773 -2.709949 -8.187836 2.186616 -4.508820
-5.275556 -1.416011 -7.604880 -6.489394 6.581614 -6.630097 -7.784945 1.089338 -5.028021 1.082920
-9.544565 -4.334345 -5.331037 -4.891539 -0.416317 -2.561726 -14.153956 0.947067 -1.466943 3.586467
-3.145350 -7.601889 -6.529517 -2.499861 -5.301460 2.316015 1.343463 -11.216121 1.585528 -6.000458
-2.547270 -4.895224 -1.929805 -5.743677 -0.010862 -2.267236 4.657228 -10.421952 -1.317122 -7.528452
-8.835941 -6.114068 -5.122678 -4.395565 -4.181649 4.199056 -3.963959 -6.106494 1.201829 -1.965809
-3.368406 -2.142744 -0.784410 -1.023108 1.149789 -1.236317 -2.612186 0.254066 -2.266358 -0.231157
3.484885 -3.913607 -5.277180 -8.717793 -5.705402 -6.040945 -3.268251 -7.943403 -2.586219 -5.231149
-0.695841 -4.168931 -0.472190 2.285530 -9.885342 -3.113563 -13.894728 3.242510 -2.331412 1.534171
-6.332608 -4.117887 -8.974372 -5.774027 5.192739 -6.036211 -9.980377 -0.288418 -2.418639 2.476593
5.308048 -5.538434 -2.533914 -1.271417 -10.018948 -4.211770 -6.497471 -3.876557 -2.305594 -3.455162
-7.730818 3.298468 -3.205417 -1.638417 -1.673236 -5.687099 -5.683580 -4.317126 0.058809 -5.072965
-3.572345 -5.031785 0.100859 3.100836 -9.048177 1.851656 -8.536014 0.691176 -2.226443 -1.760588
-9.485870 1.525674 -3.796696 -3.188334 -0.893145 -2.864202 -6.037244 -3.593480 -0.699550 -3.271506
-7.259498 -4.854366 -2.462376 5.411716 -8.125289 -0.007940 -9.026586 -2.089105 0.500081 -4.235208
3.279179 -4.383873 -1.465235 -3.536363 -4.936476 -2.226057 3.357017 -10.309167 -1.495422 -7.680452
-10.234867 -1.427200 0.976961 -2.206585 -10.389692 -4.741594 -16.110086 5.559622 0.238678 -3.759849
-1.083376 -1.284187 5.124955 2.641411 -14.960752 -3.395936 -10.493052 0.417814 -0.382210 -3.299156
-2.884738 -5.510265 -0.345248 1.015519 -9.756116 -5.485878 -18.576269 6.719461 -1.454538 1.982332
-7.514427 3.003184 -3.892787 -1.300558 -1.172799 -5.878278 -7.973398 -4.054251 -1.206879 -2.503918
-2.950841 -6.417736 3.101660 1.042903 -10.618385 2.910864 -5.932213 0.059413 -0.532773 -2.751125
-2.730566 1.130179 -8.975103 -9.524343 -5.250950 -6.307837 -6.897494 -7.268367 0.497532 -4.942330
-4.946679 0.226833 -0.927293 0.527639 -3.759153 -2.256832 -4.073608 -3.756354 -1.147993 -3.152383
-4.179469 -4.047032 1.362206 -0.490571 -7.327601 -6.317603 -15.788866 5.774589 -2.618889 0.567045
-5.759348 -3.307666 -8.022611 -6.509874 4.191190 -11.917870 -15.240624 1.208360 -3.904532 2.912633
-6.196734 -2.479242 0.526349 -5.332590 -1.448865 -1.515076 -1.476213 -3.925778 -0.046333 -3.601376
-5.706941 -6.123340 -0.548710 5.076551 -8.329940 0.997031 -6.605702 -2.494916 -0.763048 -4.179942
-3.544551 -5.943616 -2.333647 0.048464 -5.996654 2.330561 -4.277383 -2.660470 -1.519465 -3.113387
-7.482080 2.136242 -1.326193 -1.591819 -1.185708 -3.359122 -3.768365 -3.097303 -1.447923 -4.629949
-2.288479 -1.670119 0.476718 -1.613664 -4.562919 1.512806 0.893366 -4.499563 -0.864654 -4.396852
-6.029556 -5.003146 -12.205962 -5.002239 3.863911 -5.154092 -10.449633 -2.292378 0.029361 1.200985
-4.534922 -3.271292 -8.190934 -5.158279 6.471822 -8.845933 -11.130827 1.603877 -3.290558 2.570697
2.641547 -5.118768 -4.565571 -1.854564 -7.093117 1.799587 6.335522 -12.226192 -3.227028 -9.805290
-6.659552 -7.205272 -4.538415 7.125348 -10.041650 1.490110 -10.041974 -3.893486 0.324691 -3.553669
-2.834160 -6.036600 -7.370931 -1.774740 -4.071908 4.319010 1.246716 -8.396107 -0.223170 -3.805884
-0.890100 -4.100172 -2.398964 -1.689741 0.018688 0.948732 0.135860 -1.841935 -1.752610 -0.795784
-1.086043 -6.958619 -4.890534 -5.368451 -0.802031 0.037364 6.063391 -11.991716 -1.757697 -7.073244
5.078654 -7.339148 -3.726465 -3.814610 -11.565237 -0.723161 -2.483921 -8.582945 -1.246150 -6.007576
-6.996530 -8.097088 -9.238816 -4.238684 3.579426 -3.106142 -8.100532 -2.407472 -0.557135 1.029209
-6.416729 3.558662 -3.412657 -3.707093 -4.936082 -2.116949 -6.074938 -2.441575 -0.905815 -3.828546
-8.391422 -6.541759 -6.198983 0.891047 -1.540111 -8.755275 -20.887770 0.902621 -1.449563 5.596085
-1.351795 -1.915690 -3.313742 -2.570356 0.427587 0.001723 -0.823918 -0.486650 -1.895458 -1.280361
-1.724766 -7.440271 -0.113916 3.103311 -10.682767 -3.941345 -18.039068 5.581337 -1.711093 1.345714
-5.041223 -2.189857 -2.572710 -5.325714 -9.133311 -2.824887 -9.250437 -2.892782 2.417590 -2.508018
-5.683012 -5.693138 -5.387169 -3.489688 1.479904 0.579978 -4.679626 -2.361381 -1.361676 0.611721
-2.707986 -2.654028 0.397736 3.986185 -10.601976 -2.292641 -9.152132 -2.644102 -0.616134 -2.249773
-8.832215 -6.041532 -1.423711 4.115021 -8.035806 -3.576393 -17.652477 5.621145 -1.831787 -0.248983
-7.781572 -3.191876 -9.589331 -5.844670 7.351538 -6.053123 -6.299510 -4.134269 -3.063712 0.852419
-2.922577 -1.762790 3.401236 2.091025 -9.669369 0.053253 1.843779 -8.354526 -0.683556 -8.848897
-4.688972 -0.231810 -3.156968 -2.807500 4.211835 -6.734785 -7.066021 0.993973 -5.355804 0.453559
-8.773137 -6.386982 -5.990548 6.614580 -7.742976 -2.153355 -14.916550 -1.069360 -0.533383 -1.603915
5.949076 -5.858856 -3.353994 -3.298805 -11.048727 -1.838845 -3.501022 -4.339658 -1.652372 -5.171087
-0.653650 -8.506750 1.263559 2.487579 -12.430848 -0.676056 -12.843543 4.864553 -0.363774 -1.262867
4.778266 -4.192288 -1.733637 -3.397703 -11.378231 -2.605957 -3.345554 -5.724035 -2.272770 -6.080652
2.886713 -4.188479 6.880610 1.863897 -17.399309 -2.169142 -7.151633 -1.700562 -0.939481 -6.565275
-5.865141 1.345460 -2.735373 -2.436071 -8.539642 -7.297359 -16.079737 1.008040 -0.602215 -0.125610
-5.561117 4.402181 -1.472870 -1.931542 -5.132779 -4.675970 -4.788502 -5.981516 0.074433 -5.682686
-8.175997 -4.422126 -3.164123 1.639731 -4.915146 -3.428178 -14.183456 4.035700 -0.459177 -0.421195
-6.180299 -2.251646 -1.064994 7.271446 -8.881537 -0.231278 -8.615386 -2.600655 1.898974 -1.535758
-3.909295 -5.039559 2.989868 -0.833251 -6.288071 0.817932 -5.251831 -2.258955 1.022080 -1.004729
-9.018137 -3.019435 -9.696242 -6.097059 0.481076 -6.872000 -17.307953 -0.158006 0.155335 4.039870
-8.834387 -1.331349 0.279066 -1.104119 -8.770782 -10.105141 -21.406416 8.437245 0.145221 -1.058523
-0.843333 -11.401606 0.523642 -0.144737 -9.086688 -3.805064 -17.946432 6.280287 -1.693663 3.695351
-0.176403 -4.273777 -0.778333 -2.623085 -5.232069 0.135077 4.752190 -9.929088 -3.548614 -8.487235
-4.630430 -2.904758 10.284068 -0.177973 -10.098470 -4.958501 -5.068799 -3.706294 -0.585697 -7.108964
-2.650527 -6.791538 -1.513986 -1.529154 -6.379125 -6.548669 -18.385273 5.620535 -2.407720 3.912870
-4.342926 -0.510073 -5.953943 -3.440022 -1.765755 -2.835141 -3.050972 -7.663596 3.183656 -3.126653
-6.254591 -4.060364 -11.191994 -6.606820 6.726877 -7.836253 -10.239962 -1.972408 -2.232502 1.896129
-8.834387 -1.331349 0.279066 -1.104119 -8.770782 -10.105141 -21.406416 8.437245 0.145221 -1.058523
-4.813360 -3.072686 -3.488837 0.412233 -3.583711 -0.307428 -7.853027 1.318494 -1.974173 -1.722431
0.053382 -4.455122 -2.174069 -4.250524 -2.663251 -0.422293 5.106277 -9.529249 -1.589618 -7.728219
-6.441941 3.505512 -6.294923 -3.866875 -2.224303 -8.048845 -10.976181 -3.893995 -0.755566 -1.260278
0.380911 -3.882996 1.238706 5.724236 -16.132959 0.990107 -6.191424 -4.846141 -2.761251 -5.550966
-0.100855 -5.988208 -0.502557 -3.825176 -6.707218 1.393792 6.345478 -12.207027 -1.408385 -9.124922
-5.623394 0.827604 -3.354572 -4.455953 2.425024 -5.324451 -4.862394 -1.605459 -1.194358 -1.316786
-5.528494 -5.345066 -4.331950 4.539806 -7.840070 -0.590742 -10.580853 -5.986647 0.426541 -0.125953
-5.670402 3.442624 0.485505 -6.267991 -4.173735 -5.711940 0.193902 -9.684824 -0.248248 -10.236216
-4.054499 -0.746654 -8.349149 -8.480669 1.332461 -5.792162 -3.731869 -6.145715 -4.114941 -4.220225
-7.026661 -0.285630 -3.689353 -1.493041 0.319980 -1.427752 -6.032181 -0.317610 -1.116508 -0.870719
-10.866469 -1.206800 -3.536854 -4.588905 -0.315115 -3.934896 -12.058829 1.312854 -0.214276 -1.217362
0.334246 -4.249076 -2.314385 -2.518187 -8.574111 3.137316 2.149924 -6.942508 -2.049936 -6.459254
-5.071393 -7.566115 -8.581157 -3.128723 0.627478 -8.565417 -19.177057 0.347025 -2.251433 6.623998
